B:B1,2,3,4,5,6,7,8,9,10,11,12:W21,22,23,24,25,26,27,28,29,30,31,32: 11-16 09-14 09-13 11-15 12-16 10-14 10-15
W:B1,2,3,4,5,6,7,8,10,11,12,13:W21,22,23,24,25,26,27,28,29,30,31,32: 21-17 24-19 22-17 23-18 24-20 22-18 23-19
B:B1,2,3,4,5,6,7,8,10,11,12,13:W17,22,23,24,25,26,27,28,29,30,31,32: 06-09 05-09
B:B1,2,3,4,5,6,7,8,10,11,12,13:W17,21,23,24,25,26,27,28,29,30,31,32: 13-22
B:B1,2,3,4,5,6,7,8,10,11,12,13:W18,21,23,24,25,26,27,28,29,30,31,32: 11-16 06-09 11-15 12-16 10-14 10-15
B:B1,2,3,4,5,6,7,8,10,11,12,13:W18,21,22,24,25,26,27,28,29,30,31,32: 11-16 06-09 11-15 05-09 12-16 10-15
B:B1,2,3,4,5,6,7,8,10,11,12,13:W19,21,22,24,25,26,27,28,29,30,31,32: 11-16 06-09 05-09 10-14 10-15
B:B1,2,3,4,5,6,7,8,10,11,12,13:W19,21,22,23,25,26,27,28,29,30,31,32: 11-16 06-09 11-15 05-09 10-14
B:B1,2,3,4,5,6,7,8,10,11,12,13:W20,21,22,23,25,26,27,28,29,30,31,32: 11-16 06-09 11-15 05-09 10-14 10-15
W:B1,2,3,4,5,6,7,8,10,11,12,14:W21,22,23,24,25,26,27,28,29,30,31,32: 24-19 22-17 23-18 24-20 22-18 23-19
B:B1,2,3,4,5,6,7,8,10,11,12,14:W17,21,23,24,25,26,27,28,29,30,31,32: 11-16 06-09 05-09 11-15
B:B1,2,3,4,5,6,7,8,10,11,12,14:W18,21,23,24,25,26,27,28,29,30,31,32: 11-16 05-09 10-15 11-15
B:B1,2,3,4,5,6,7,8,10,11,12,14:W18,21,22,24,25,26,27,28,29,30,31,32: 14-23
B:B1,2,3,4,5,6,7,8,10,11,12,14:W19,21,22,24,25,26,27,28,29,30,31,32: 11-16 05-09 14-18
B:B1,2,3,4,5,6,7,8,10,11,12,14:W19,21,22,23,25,26,27,28,29,30,31,32: 11-16 05-09 11-15
B:B1,2,3,4,5,6,7,8,10,11,12,14:W20,21,22,23,25,26,27,28,29,30,31,32: 11-16 05-09 10-15 11-15
W:B1,2,3,4,5,6,7,8,9,11,12,14:W21,22,23,24,25,26,27,28,29,30,31,32: 24-19 22-17 23-18 24-20 22-18 23-19
B:B1,2,3,4,5,6,7,8,9,11,12,14:W17,21,23,24,25,26,27,28,29,30,31,32: 11-16 07-10 09-13 11-15 14-18
B:B1,2,3,4,5,6,7,8,9,11,12,14:W18,21,23,24,25,26,27,28,29,30,31,32: 06-10 11-16 07-10 11-15 12-16
B:B1,2,3,4,5,6,7,8,9,11,12,14:W18,21,22,24,25,26,27,28,29,30,31,32: 14-23
B:B1,2,3,4,5,6,7,8,9,11,12,14:W19,21,22,24,25,26,27,28,29,30,31,32: 06-10 11-16 07-10 11-15 14-18
B:B1,2,3,4,5,6,7,8,9,11,12,14:W19,21,22,23,25,26,27,28,29,30,31,32: 06-10 11-16 07-10 14-18
B:B1,2,3,4,5,6,7,8,9,11,12,14:W20,21,22,23,25,26,27,28,29,30,31,32: 06-10 11-16 07-10 11-15 14-18
W:B1,2,3,4,5,6,7,8,9,11,12,15:W21,22,23,24,25,26,27,28,29,30,31,32: 21-17 24-19 22-17 23-18 24-20 22-18 23-19
B:B1,2,3,4,5,6,7,8,9,11,12,15:W17,22,23,24,25,26,27,28,29,30,31,32: 06-10 11-16 07-10 09-13 15-18
B:B1,2,3,4,5,6,7,8,9,11,12,15:W17,21,23,24,25,26,27,28,29,30,31,32: 06-10 11-16 07-10 09-13 15-19
B:B1,2,3,4,5,6,7,8,9,11,12,15:W18,21,23,24,25,26,27,28,29,30,31,32: 15-22
B:B1,2,3,4,5,6,7,8,9,11,12,15:W18,21,22,24,25,26,27,28,29,30,31,32: 06-10 11-16 07-10 09-14 12-16
B:B1,2,3,4,5,6,7,8,9,11,12,15:W19,21,22,24,25,26,27,28,29,30,31,32: 06-10 11-16 07-10
B:B1,2,3,4,5,6,7,8,9,11,12,15:W19,21,22,23,25,26,27,28,29,30,31,32: 15-24
B:B1,2,3,4,5,6,7,8,9,11,12,15:W20,21,22,23,25,26,27,28,29,30,31,32: 06-10 07-10 15-19
W:B1,2,3,4,5,6,7,8,9,10,12,15:W21,22,23,24,25,26,27,28,29,30,31,32: 21-17 24-19 22-17 23-18 24-20 22-18 23-19
B:B1,2,3,4,5,6,7,8,9,10,12,15:W17,22,23,24,25,26,27,28,29,30,31,32: 15-19 09-13 08-11 09-14
B:B1,2,3,4,5,6,7,8,9,10,12,15:W17,21,23,24,25,26,27,28,29,30,31,32: 15-19 09-13 15-18 08-11
B:B1,2,3,4,5,6,7,8,9,10,12,15:W18,21,23,24,25,26,27,28,29,30,31,32: 15-22
B:B1,2,3,4,5,6,7,8,9,10,12,15:W18,21,22,24,25,26,27,28,29,30,31,32: 09-14 15-19 08-11 12-16 10-14
B:B1,2,3,4,5,6,7,8,9,10,12,15:W19,21,22,24,25,26,27,28,29,30,31,32: 09-13 08-11 09-14
B:B1,2,3,4,5,6,7,8,9,10,12,15:W19,21,22,23,25,26,27,28,29,30,31,32: 15-24
B:B1,2,3,4,5,6,7,8,9,10,12,15:W20,21,22,23,25,26,27,28,29,30,31,32: 12-16 15-18 08-11
W:B1,2,3,4,5,6,7,8,9,10,12,16:W21,22,23,24,25,26,27,28,29,30,31,32: 21-17 24-19 22-17 23-18 24-20 22-18 23-19
B:B1,2,3,4,5,6,7,8,9,10,12,16:W17,22,23,24,25,26,27,28,29,30,31,32: 09-14 16-20 09-13 08-11 07-11
B:B1,2,3,4,5,6,7,8,9,10,12,16:W17,21,23,24,25,26,27,28,29,30,31,32: 07-11 16-20 09-13 08-11
B:B1,2,3,4,5,6,7,8,9,10,12,16:W18,21,23,24,25,26,27,28,29,30,31,32: 07-11 16-20 08-11 16-19
B:B1,2,3,4,5,6,7,8,9,10,12,16:W18,21,22,24,25,26,27,28,29,30,31,32: 09-14 16-20 08-11 10-14 07-11
B:B1,2,3,4,5,6,7,8,9,10,12,16:W19,21,22,24,25,26,27,28,29,30,31,32: 16-23
B:B1,2,3,4,5,6,7,8,9,10,12,16:W19,21,22,23,25,26,27,28,29,30,31,32: 07-11 16-20 08-11
B:B1,2,3,4,5,6,7,8,9,10,12,16:W20,21,22,23,25,26,27,28,29,30,31,32: 07-11 16-19
W:B1,2,3,4,5,6,7,8,9,10,11,16:W21,22,23,24,25,26,27,28,29,30,31,32: 21-17 24-19 22-17 24-20 22-18 23-18
B:B1,2,3,4,5,6,7,8,9,10,11,16:W17,22,23,24,25,26,27,28,29,30,31,32: 16-20 09-13 16-19 09-14
B:B1,2,3,4,5,6,7,8,9,10,11,16:W17,21,23,24,25,26,27,28,29,30,31,32: 16-20 16-19
B:B1,2,3,4,5,6,7,8,9,10,11,16:W18,21,23,24,25,26,27,28,29,30,31,32: 16-20 16-19
B:B1,2,3,4,5,6,7,8,9,10,11,16:W18,21,22,24,25,26,27,28,29,30,31,32: 16-20 16-19
B:B1,2,3,4,5,6,7,8,9,10,11,16:W19,21,22,23,25,26,27,28,29,30,31,32: 16-20
B:B1,2,3,4,5,6,7,8,9,10,11,16:W20,21,22,23,25,26,27,28,29,30,31,32: 10-15 08-12
